0,278
100,3
100,2
100,1
100,0
99,3
99,2
99,1
99,0
95,4
95,1
95,3
98,52
98,51
98,50
98,49
98,48
98,47
98,46
98,45
98,44
98,43
98,42
98,41
98,40
98,39
98,38
98,37
98,36
98,35
10,205
10,203
10,33
10,229
10,247
10,238
10,134
93,3
93,2
93,1
93,0
88,3
88,2
88,1
88,0
86,3
86,2
86,1
86,0
69,2
64,2
64,0
27,3
27,1
26,4
26,3
26,1
24,3
24,2
24,1
20,3
20,2
20,1
19,3
19,2
19,1
12,3
12,2
12,1
11,30
11,29
11,28
11,27
11,26
11,25
11,24
11,23
11,22
11,21
11,20
11,19
11,18
11,17
11,16
11,14
11,13
11,12
11,11
11,10
11,9
11,8
11,7
11,6
11,3
11,2
11,1
10,308
10,278
10,276
10,253
10,252
10,251
10,187
10,183
10,168
10,129
10,104
10,97
10,93
10,78
18,1
18,3
10,69
10,3
10,2
10,1
9,7
9,6
9,4
9,3
9,2
